130
4
5.53138 7.20603
5.49306 7.73115
6.39362 7.67012
6.30659 7.22564
45
5.53138 7.20603
5.55438 6.89086
5.60053 6.2585
5.65508 5.51095
5.71229 4.72688
5.74082 4.33602
5.71333 4.19565
5.66211 3.93402
5.475 2.97842
5.31043 2.13791
6.92766 2.94907
7.42897 2.93895
7.3847 2.73718
7.46386 2.93824
9.41294 2.89887
10.4534 2.87785
11.3593 2.85955
12.3363 2.83982
13.5678 2.81494
14.674 2.7926
15.5238 2.77543
15.6574 2.70217
15.6678 2.77252
17.2066 2.74144
17.2293 3.66504
17.2661 5.16113
17.2841 5.89205
17.3096 6.93037
17.335 7.96194
17.3401 8.17176
16.9625 7.98236
16.4453 8.01073
15.1627 8.08107
14.0908 8.13986
12.319 8.23703
11.5471 8.27936
11.2385 8.29628
10.0183 8.36321
9.60856 8.38568
8.63554 8.43904
6.56639 8.55252
4.82026 8.64829
6.41393 7.77387
6.39362 7.67012
5.49306 7.73115
4
5.53138 7.20603
6.30659 7.22564
6.22978 6.83335
5.55438 6.89086
4
5.75144 4.19041
5.77033 3.93151
5.66211 3.93402
5.71333 4.19565
5
5.75144 4.19041
5.74082 4.33602
5.81591 4.71954
7.78889 4.57965
7.64637 3.92999
4
5.75144 4.19041
7.64637 3.92999
7.63718 3.88809
5.77033 3.93151
3
5.75144 4.19041
5.71333 4.19565
5.74082 4.33602
4
5.55438 6.89086
6.22978 6.83335
6.10788 6.21077
5.60053 6.2585
4
5.60053 6.2585
6.10788 6.21077
5.9642 5.47693
5.65508 5.51095
4
5.65508 5.51095
5.9642 5.47693
5.81591 4.71954
5.71229 4.72688
3
5.71229 4.72688
5.81591 4.71954
5.74082 4.33602
5
5.84042 2.97104
5.77033 3.93151
7.63718 3.88809
7.49344 3.23286
6.92766 2.94907
4
5.84042 2.97104
6.92766 2.94907
5.31043 2.13791
5.475 2.97842
4
5.84042 2.97104
5.475 2.97842
5.66211 3.93402
5.77033 3.93151
5
11.5152 7.35745
11.1456 7.34809
11.1016 7.35108
11.2385 8.29628
11.5471 8.27936
4
11.5152 7.35745
12.3218 7.37786
12.3221 7.26836
11.514 7.32313
4
11.5152 7.35745
11.5471 8.27936
12.319 8.23703
12.3218 7.37786
3
11.5152 7.35745
11.514 7.32313
11.1456 7.34809
4
8.38087 7.27813
7.36432 7.25241
6.63252 7.65393
8.43649 7.53168
5
8.38087 7.27813
9.18048 7.29837
8.90762 6.60532
8.4768 6.64201
8.26662 6.75733
4
8.38087 7.27813
8.43649 7.53168
9.25062 7.47651
9.18048 7.29837
3
8.38087 7.27813
8.26662 6.75733
7.36432 7.25241
3
11.1456 7.34809
11.101 7.34696
11.1016 7.35108
5
11.1456 7.34809
11.514 7.32313
11.4815 6.38615
10.9681 6.42987
11.101 7.34696
4
7.36432 7.25241
6.30659 7.22564
6.39362 7.67012
6.63252 7.65393
5
7.36432 7.25241
8.26662 6.75733
8.24564 6.66169
6.22978 6.83335
6.30659 7.22564
4
9.18048 7.29837
9.90232 7.31663
9.81496 6.52806
8.90762 6.60532
4
9.18048 7.29837
9.25062 7.47651
9.91504 7.43148
9.90232 7.31663
4
9.90232 7.31663
11.101 7.34696
10.9681 6.42987
9.81496 6.52806
4
9.90232 7.31663
9.91504 7.43148
11.1016 7.35108
11.101 7.34696
5
12.3218 7.37786
12.319 8.23703
14.0908 8.13986
13.994 7.15506
12.3221 7.26836
4
11.3787 3.41705
11.3593 2.85955
10.4534 2.87785
10.5481 3.5312
5
11.3787 3.41705
11.392 3.80078
12.3333 3.77889
12.3363 2.83982
11.3593 2.85955
4
11.3787 3.41705
10.5481 3.5312
10.5898 3.81943
11.392 3.80078
4
11.514 7.32313
12.3221 7.26836
12.3252 6.31431
11.4815 6.38615
4
11.4815 6.38615
11.458 5.70749
10.8714 5.76267
10.9681 6.42987
5
11.4815 6.38615
12.3252 6.31431
12.3272 5.6574
12.2741 5.63072
11.458 5.70749
5
11.458 5.70749
11.4409 5.21282
11.2532 5.11866
10.8131 5.36013
10.8714 5.76267
3
11.458 5.70749
12.2741 5.63072
11.4409 5.21282
5
11.4292 4.87552
11.41 4.32291
10.6704 4.37535
10.7409 4.8617
10.8873 4.93516
3
11.4292 4.87552
11.4342 5.01935
11.7633 4.83875
4
11.4292 4.87552
10.8873 4.93516
11.2532 5.11866
11.4342 5.01935
5
11.4292 4.87552
11.7633 4.83875
12.3309 4.52736
12.3317 4.25756
11.41 4.32291
4
11.41 4.32291
11.392 3.80078
10.5898 3.81943
10.6704 4.37535
4
11.41 4.32291
12.3317 4.25756
12.3333 3.77889
11.392 3.80078
3
11.4409 5.21282
11.4342 5.01935
11.2532 5.11866
6
11.4409 5.21282
12.2741 5.63072
12.3274 5.62571
12.3301 4.77639
11.7633 4.83875
11.4342 5.01935
4
7.64637 3.92999
7.84365 3.90287
7.83601 3.88347
7.63718 3.88809
4
7.64637 3.92999
7.78889 4.57965
8.10138 4.55749
7.84365 3.90287
4
8.01514 3.87931
8.61728 3.79655
7.60112 3.28687
7.83601 3.88347
6
8.01514 3.87931
7.84365 3.90287
8.10138 4.55749
9.58502 4.4523
9.56504 4.27193
8.74827 3.86226
3
8.01514 3.87931
8.74827 3.86226
8.61728 3.79655
3
8.01514 3.87931
7.83601 3.88347
7.84365 3.90287
5
8.61728 3.79655
9.49895 3.67538
9.41294 2.89887
7.46386 2.93824
7.60112 3.28687
4
8.61728 3.79655
8.74827 3.86226
9.51767 3.84437
9.49895 3.67538
4
9.49895 3.67538
10.5481 3.5312
10.4534 2.87785
9.41294 2.89887
4
9.49895 3.67538
9.51767 3.84437
10.5898 3.81943
10.5481 3.5312
5
8.63554 8.43904
8.43649 7.53168
6.63252 7.65393
6.41393 7.77387
6.56639 8.55252
4
8.63554 8.43904
9.60856 8.38568
9.25062 7.47651
8.43649 7.53168
4
8.24564 6.66169
8.1055 6.02286
6.10788 6.21077
6.22978 6.83335
3
8.24564 6.66169
8.26662 6.75733
8.4768 6.64201
5
8.24564 6.66169
8.4768 6.64201
8.84297 6.4411
8.65784 5.9709
8.1055 6.02286
4
8.1055 6.02286
7.93808 5.25971
5.9642 5.47693
6.10788 6.21077
4
8.1055 6.02286
8.65784 5.9709
8.35958 5.21333
7.93808 5.25971
4
7.93808 5.25971
7.78889 4.57965
5.81591 4.71954
5.9642 5.47693
4
7.93808 5.25971
8.35958 5.21333
8.10138 4.55749
7.78889 4.57965
4
7.42897 2.93895
7.49344 3.23286
7.60112 3.28687
7.46386 2.93824
3
7.42897 2.93895
6.92766 2.94907
7.49344 3.23286
3
7.42897 2.93895
7.46386 2.93824
7.3847 2.73718
4
7.63718 3.88809
7.83601 3.88347
7.60112 3.28687
7.49344 3.23286
5
16.9625 7.98236
17.335 7.96194
17.3096 6.93037
16.2952 6.99912
16.3992 7.6998
3
16.9625 7.98236
16.3992 7.6998
16.4453 8.01073
3
16.9625 7.98236
17.3401 8.17176
17.335 7.96194
3
4.82026 8.64829
6.56639 8.55252
6.41393 7.77387
4
9.60856 8.38568
10.0183 8.36321
9.91504 7.43148
9.25062 7.47651
4
10.0183 8.36321
11.2385 8.29628
11.1016 7.35108
9.91504 7.43148
4
14.0908 8.13986
15.1627 8.08107
15.0704 7.08212
13.994 7.15506
5
15.1627 8.08107
16.4453 8.01073
16.3992 7.6998
15.1561 7.07631
15.0704 7.08212
5
15.1561 7.07631
16.2952 6.99912
16.1452 5.98903
14.9786 6.08837
15.0657 7.03093
3
15.1561 7.07631
15.0657 7.03093
15.0704 7.08212
3
15.1561 7.07631
16.3992 7.6998
16.2952 6.99912
3
6.63252 7.65393
6.39362 7.67012
6.41393 7.77387
5
12.3221 7.26836
13.994 7.15506
13.9257 6.45914
13.4466 6.21882
12.3252 6.31431
4
13.994 7.15506
15.0704 7.08212
15.0657 7.03093
13.9257 6.45914
4
16.2952 6.99912
17.3096 6.93037
17.2841 5.89205
16.1452 5.98903
5
13.4466 6.21882
13.8983 6.18036
13.8299 5.48436
12.3274 5.62571
12.3272 5.6574
3
13.4466 6.21882
12.3272 5.6574
12.3252 6.31431
3
13.4466 6.21882
13.9257 6.45914
13.8983 6.18036
3
8.4768 6.64201
8.90762 6.60532
8.84297 6.4411
4
8.90762 6.60532
9.81496 6.52806
9.75019 5.94333
8.84297 6.4411
5
9.81496 6.52806
10.9681 6.42987
10.8714 5.76267
9.91557 5.85259
9.75019 5.94333
4
13.8983 6.18036
14.9786 6.08837
14.9133 5.38245
13.8299 5.48436
4
13.8983 6.18036
13.9257 6.45914
15.0657 7.03093
14.9786 6.08837
4
14.9786 6.08837
16.1452 5.98903
16.0395 5.27652
14.9133 5.38245
4
16.1452 5.98903
17.2841 5.89205
17.2661 5.16113
16.0395 5.27652
3
12.2741 5.63072
12.3272 5.6574
12.3274 5.62571
3
9.91557 5.85259
9.74194 5.86892
9.75019 5.94333
3
9.91557 5.85259
10.8714 5.76267
10.8131 5.36013
5
9.91557 5.85259
10.8131 5.36013
10.7536 4.94987
9.65355 5.07093
9.74194 5.86892
4
8.65784 5.9709
9.74194 5.86892
9.65355 5.07093
8.35958 5.21333
4
8.65784 5.9709
8.84297 6.4411
9.75019 5.94333
9.74194 5.86892
4
12.3274 5.62571
13.8299 5.48436
13.7451 4.62066
12.3301 4.77639
4
13.8299 5.48436
14.9133 5.38245
14.8319 4.50107
13.7451 4.62066
4
14.9133 5.38245
16.0395 5.27652
15.9068 4.38277
14.8319 4.50107
6
16.0395 5.27652
17.2661 5.16113
17.2293 3.66504
15.8052 3.69816
15.8512 4.00803
15.9068 4.38277
4
10.8873 4.93516
10.7536 4.94987
10.8131 5.36013
11.2532 5.11866
3
10.8873 4.93516
10.7409 4.8617
10.7536 4.94987
3
11.7633 4.83875
12.3301 4.77639
12.3309 4.52736
4
8.35958 5.21333
9.65355 5.07093
9.58502 4.4523
8.10138 4.55749
5
9.65355 5.07093
10.7536 4.94987
10.7409 4.8617
9.88259 4.43121
9.58502 4.4523
5
12.3301 4.77639
13.7451 4.62066
13.6999 4.16056
12.8954 4.2176
12.3309 4.52736
4
13.7451 4.62066
14.8319 4.50107
14.7933 4.08304
13.6999 4.16056
4
14.8319 4.50107
15.9068 4.38277
15.8512 4.00803
14.7933 4.08304
5
9.88259 4.43121
10.6704 4.37535
10.5898 3.81943
9.51767 3.84437
9.56504 4.27193
3
9.88259 4.43121
9.56504 4.27193
9.58502 4.4523
3
9.88259 4.43121
10.7409 4.8617
10.6704 4.37535
3
12.8954 4.2176
12.3317 4.25756
12.3309 4.52736
3
12.8954 4.2176
13.6999 4.16056
13.6641 3.79583
5
12.8954 4.2176
13.6641 3.79583
13.6594 3.74805
12.3333 3.77889
12.3317 4.25756
5
13.6999 4.16056
14.7933 4.08304
14.7599 3.72246
13.7552 3.74582
13.6641 3.79583
4
14.7933 4.08304
15.8512 4.00803
15.8052 3.69816
14.7599 3.72246
3
15.5238 2.77543
14.674 2.7926
14.7135 3.22004
3
15.5238 2.77543
15.6678 2.77252
15.6574 2.70217
5
15.5238 2.77543
14.7135 3.22004
14.7599 3.72246
15.8052 3.69816
15.6678 2.77252
4
12.3363 2.83982
12.3333 3.77889
13.6594 3.74805
13.5678 2.81494
5
13.5678 2.81494
13.6594 3.74805
13.7552 3.74582
14.7135 3.22004
14.674 2.7926
4
15.6678 2.77252
15.8052 3.69816
17.2293 3.66504
17.2066 2.74144
3
8.74827 3.86226
9.56504 4.27193
9.51767 3.84437
3
13.7552 3.74582
13.6594 3.74805
13.6641 3.79583
3
13.7552 3.74582
14.7599 3.72246
14.7135 3.22004
