9
12
8.01555 5.73886
8.09682 4.73472
8.1836 3.66243
9.30252 3.668
10.5538 3.67423
12.543 3.68413
13.9716 3.69124
13.4976 5.00319
13.0964 6.11355
12.4784 6.06797
11.703 6.01079
8.83074 5.79898
4
8.01555 5.73886
8.83074 5.79898
9.05581 4.78239
8.09682 4.73472
4
8.1836 3.66243
8.09682 4.73472
9.05581 4.78239
9.30252 3.668
4
13.0964 6.11355
13.4976 5.00319
12.5086 4.95403
12.4784 6.06797
4
11.703 6.01079
12.4784 6.06797
12.5086 4.95403
11.15 4.88649
4
11.703 6.01079
11.15 4.88649
9.05581 4.78239
8.83074 5.79898
4
13.9716 3.69124
12.543 3.68413
12.5086 4.95403
13.4976 5.00319
4
10.5538 3.67423
9.30252 3.668
9.05581 4.78239
11.15 4.88649
4
10.5538 3.67423
11.15 4.88649
12.5086 4.95403
12.543 3.68413
