86
32
3.72013 8.0922
3.84378 6.91094
3.69009 6.89517
2.97746 6.82204
3.32718 5.60064
3.39046 5.37965
3.06906 4.56039
2.96279 4.2895
2.158 2.238
4.3573 2.00478
4.39248 1.66872
4.96876 1.93994
5.06338 1.92991
7.48752 1.67285
8.30083 1.5866
9.33109 1.47735
9.37482 1.95914
9.46359 2.93713
9.54622 3.84735
9.56963 4.10526
9.61987 4.65882
9.67719 5.29024
9.79978 5.30852
9.71589 5.60154
9.70796 5.62925
9.74553 6.04316
9.85177 7.2136
9.88053 7.53039
10.062 9.52954
5.04477 9.59666
4.41549 7.99257
4.02889 8.04796
5
3.72013 8.0922
4.02889 8.04796
4.18023 7.39286
3.99735 6.92669
3.84378 6.91094
6
3.85181 6.83418
3.87482 6.61434
3.48132 5.61127
3.32718 5.60064
2.97746 6.82204
3.69009 6.89517
4
3.85181 6.83418
3.84378 6.91094
3.99735 6.92669
3.94698 6.79828
3
3.85181 6.83418
3.94698 6.79828
3.87482 6.61434
3
3.85181 6.83418
3.69009 6.89517
3.84378 6.91094
7
3.99104 5.50405
4.10041 4.45905
4.05332 4.45204
3.64313 4.49719
3.39046 5.37965
3.48132 5.61127
3.97624 5.64539
4
3.99104 5.50405
3.97624 5.64539
4.57439 5.68663
4.61412 5.51466
4
3.99104 5.50405
4.61412 5.51466
4.83276 4.56821
4.10041 4.45905
6
4.31152 2.44215
4.10171 4.44671
4.88063 4.36096
5.09677 3.42536
5.09355 3.28129
5.0732 2.36949
7
4.31152 2.44215
4.3573 2.00478
2.158 2.238
2.96279 4.2895
3.67232 4.39525
4.05332 4.45204
4.10171 4.44671
5
4.31152 2.44215
5.0732 2.36949
5.06461 1.98505
4.96876 1.93994
4.3573 2.00478
4
4.10171 4.44671
4.10041 4.45905
4.83276 4.56821
4.88063 4.36096
3
4.10171 4.44671
4.05332 4.45204
4.10041 4.45905
3
4.39248 1.66872
4.3573 2.00478
4.96876 1.93994
3
3.87482 6.61434
3.97624 5.64539
3.48132 5.61127
5
3.87482 6.61434
3.94698 6.79828
4.35295 6.64517
4.57439 5.68663
3.97624 5.64539
3
9.07113 7.32546
8.5755 7.39648
9.08772 7.44904
4
9.07113 7.32546
9.22886 7.30286
9.59249 6.03261
8.89111 5.98425
4
9.07113 7.32546
9.08772 7.44904
9.18417 7.45894
9.22886 7.30286
5
9.07113 7.32546
8.89111 5.98425
8.25738 5.94056
8.51897 7.39068
8.5755 7.39648
11
5.19623 7.88069
4.41549 7.99257
5.04477 9.59666
10.062 9.52954
9.88053 7.53039
9.18417 7.45894
9.11941 7.68516
9.08772 7.44904
8.5755 7.39648
8.52141 7.40423
7.56848 7.54077
4
5.19623 7.88069
7.56848 7.54077
7.58512 7.29485
5.17764 7.04781
5
5.19623 7.88069
5.17764 7.04781
4.28119 6.95582
4.18023 7.39286
4.41549 7.99257
3
8.52141 7.40423
8.5755 7.39648
8.51897 7.39068
4
8.52141 7.40423
8.51897 7.39068
7.58512 7.29485
7.56848 7.54077
4
9.85177 7.2136
9.22886 7.30286
9.18417 7.45894
9.88053 7.53039
4
9.85177 7.2136
9.74553 6.04316
9.59249 6.03261
9.22886 7.30286
3
4.41549 7.99257
4.18023 7.39286
4.02889 8.04796
4
7.23235 5.55924
6.53597 5.82187
7.67945 5.90071
7.70201 5.56724
5
7.23235 5.55924
7.71486 5.37727
7.74028 5.00156
5.12325 4.6115
5.14361 5.52367
4
7.23235 5.55924
5.14361 5.52367
5.14814 5.72619
6.53597 5.82187
3
7.23235 5.55924
7.70201 5.56724
7.71486 5.37727
5
8.75689 4.98428
9.61987 4.65882
9.56963 4.10526
9.12107 3.89416
8.618 3.94954
3
8.75689 4.98428
8.4361 5.10527
8.78001 5.15652
5
8.75689 4.98428
8.618 3.94954
7.91223 4.02723
8.0976 5.05481
8.4361 5.10527
4
8.75689 4.98428
8.78001 5.15652
9.67719 5.29024
9.61987 4.65882
3
5.16184 6.34011
6.53597 5.82187
5.14814 5.72619
4
5.16184 6.34011
4.35295 6.64517
4.28119 6.95582
5.17764 7.04781
5
5.16184 6.34011
5.17764 7.04781
7.58512 7.29485
7.67945 5.90071
6.53597 5.82187
4
5.16184 6.34011
5.14814 5.72619
4.57439 5.68663
4.35295 6.64517
3
8.12768 5.22158
8.4361 5.10527
8.0976 5.05481
4
8.12768 5.22158
7.71486 5.37727
7.70201 5.56724
8.19154 5.57558
5
8.12768 5.22158
8.19154 5.57558
8.83773 5.58658
8.78001 5.15652
8.4361 5.10527
4
8.12768 5.22158
8.0976 5.05481
7.74028 5.00156
7.71486 5.37727
4
3.94698 6.79828
3.99735 6.92669
4.28119 6.95582
4.35295 6.64517
4
8.83773 5.58658
8.19154 5.57558
8.25738 5.94056
8.89111 5.98425
4
8.83773 5.58658
9.70543 5.60136
9.67719 5.29024
8.78001 5.15652
5
8.83773 5.58658
8.89111 5.98425
9.59249 6.03261
9.70796 5.62925
9.70543 5.60136
4
5.14361 5.52367
4.61412 5.51466
4.57439 5.68663
5.14814 5.72619
4
5.14361 5.52367
5.12325 4.6115
4.83276 4.56821
4.61412 5.51466
4
8.19154 5.57558
7.70201 5.56724
7.67945 5.90071
8.25738 5.94056
4
9.70543 5.60136
9.71589 5.60154
9.79978 5.30852
9.67719 5.29024
3
9.70543 5.60136
9.70796 5.62925
9.71589 5.60154
4
7.42818 3.09743
7.74007 3.07286
7.57022 2.13129
5.74524 2.30538
7
7.42818 3.09743
5.13073 3.27836
5.09677 3.42536
5.11707 4.33493
7.80541 4.03899
7.83513 3.59981
7.77385 3.26011
5
7.42818 3.09743
5.74524 2.30538
5.0732 2.36949
5.09355 3.28129
5.13073 3.27836
3
7.42818 3.09743
7.77385 3.26011
7.74007 3.07286
4
8.49237 3.01362
9.46359 2.93713
9.37482 1.95914
8.36378 2.05559
4
8.49237 3.01362
7.87148 3.06251
7.85551 3.29854
8.57614 3.63769
5
8.49237 3.01362
8.36378 2.05559
7.57022 2.13129
7.74007 3.07286
7.87148 3.06251
5
8.49237 3.01362
8.57614 3.63769
9.12107 3.89416
9.54622 3.84735
9.46359 2.93713
3
5.09355 3.28129
5.09677 3.42536
5.13073 3.27836
4
7.74007 3.07286
7.77385 3.26011
7.85551 3.29854
7.87148 3.06251
5
5.74524 2.30538
7.57022 2.13129
7.48752 1.67285
5.06338 1.92991
5.06461 1.98505
3
5.74524 2.30538
5.06461 1.98505
5.0732 2.36949
4
8.36378 2.05559
9.37482 1.95914
9.33109 1.47735
8.30083 1.5866
4
8.36378 2.05559
8.30083 1.5866
7.48752 1.67285
7.57022 2.13129
3
9.12107 3.89416
8.57614 3.63769
8.618 3.94954
3
9.12107 3.89416
9.56963 4.10526
9.54622 3.84735
5
8.618 3.94954
8.57614 3.63769
7.85551 3.29854
7.83513 3.59981
7.91223 4.02723
4
5.11707 4.33493
4.88063 4.36096
4.83276 4.56821
5.12325 4.6115
4
5.11707 4.33493
5.12325 4.6115
7.74028 5.00156
7.80541 4.03899
3
5.11707 4.33493
5.09677 3.42536
4.88063 4.36096
4
7.91223 4.02723
7.80541 4.03899
7.74028 5.00156
8.0976 5.05481
3
7.91223 4.02723
7.83513 3.59981
7.80541 4.03899
4
3.06906 4.56039
3.64313 4.49719
3.67232 4.39525
2.96279 4.2895
3
3.06906 4.56039
3.39046 5.37965
3.64313 4.49719
3
3.64313 4.49719
4.05332 4.45204
3.67232 4.39525
3
5.06461 1.98505
5.06338 1.92991
4.96876 1.93994
3
7.77385 3.26011
7.83513 3.59981
7.85551 3.29854
3
9.08772 7.44904
9.11941 7.68516
9.18417 7.45894
4
8.51897 7.39068
8.25738 5.94056
7.67945 5.90071
7.58512 7.29485
3
9.70796 5.62925
9.59249 6.03261
9.74553 6.04316
3
3.39046 5.37965
3.32718 5.60064
3.48132 5.61127
3
3.99735 6.92669
4.18023 7.39286
4.28119 6.95582
